indForce = [randi([44 46]), randi([49 51]), randi([54 56]), randi([59 61]), ...
            randi([64 66]), randi([69 71]), randi([74 76]), randi([79 81]), ...
            randi([84 86]), randi([89 91]), randi([94 96]), randi([99 101]), ...
            randi([104 106]), randi([109 111]), randi([114 116]), randi([119 121]), ...
            randi([124 126]), randi([129 131]), randi([134 136]), randi([139 141]), ...
            randi([144 146]), randi([149 151]), randi([154 156]), randi([159 161]), ...
            randi([164 166]), randi([169 171]), randi([174 176]), randi([179 181]), ...
            randi([184 186]), randi([189 191]), randi([194 196]), randi([199 201]), ...
            randi([204 206]), randi([209 211]), randi([214 216]), randi([219 221])]';